97
amenity=car_parking
122525234
96497003
96497007
111632674
429544635
497334246
497334195
497334189
137881583
137882131
138231433
138233064
475876237
138234001
138231423
285952134
475873985
138231424
335557221
476019062
1274830124
26016425
111830200
429381407
429381411
429381408
429432814
429432818
497690561
497690563
497690556
497690587
497690673
497690743
497690745
497690737
497690735
497690740
497690683
500009870
500009872
501173461
501142175
501142167
501142202
501142179
501142199
784545901
1218953233
1143318237
138239471
285948429
137831873
475556854
475573504
475568776
1112148216
1238507996
314073917
314073918
428214936
428214940
25632401
137955522
374363413
452682295
987218130
958308578
1165604104
1278758077
1278758082
25620737
285948656
285945202
138218145
335561263
478208218
478208230
478208238
478208243
478646803
686529011
686529013
1223806736
111481848
286969938
286969936
286969970
475555187
476019077
1223740137
424079985
430006703
430006702
432597947
790021296
1223751746
