98
amenity=car_parking
122525234
96497007
111630982
111632674
497334246
497334166
497334195
497334189
137882131
137881583
100118693
138231424
138234001
138233064
138231423
335557221
138231433
285952134
475876236
475873985
476019062
1274830123
1274830124
26016425
111830200
126582969
429381411
429381408
429380602
429381407
429432814
429432818
497690556
497690560
497690563
497690587
497690743
497690683
497690737
497690740
497690735
500009872
500009870
501142210
501142199
501142202
501142175
501142179
501173461
501142167
1264279469
1143318237
138239471
137831873
285948429
475573504
475568043
475568776
1112148216
1234709061
1238507996
128668286
314073917
314073918
428214936
25632401
137955522
285967914
374363413
452682295
987218130
958308578
1165604104
1278758084
1278758082
138218145
335561263
478208230
478208243
478208218
478208238
478646803
686529013
686529011
1223806736
111481848
286969936
475555187
476019077
25620737
285948656
285945202
424079985
430006703
430006702
432597947
790021296
1223751746
