92
amenity=car_parking
119
206
1949
28879
2267
29020
29160
30048
3568
30483
30539
3960
30855
4356
4680
31648
5134
5200
5364
32509
6011
6037
6382
6494
7358
34224
34337
7680
34810
34959
8133
35073
35843
36002
9528
36923
36969
10241
19469
19816
19956
46859
20683
38201
38233
11980
12245
12389
14458
39367
12564
12705
40199
40782
40935
14257
41640
42140
42538
15779
15956
16303
43602
17219
43981
44034
17462
44514
17786
44847
18186
45371
45408
21151
48210
48244
21667
49326
22700
22979
23576
23705
24074
51254
51435
51509
25497
52331
25626
52791
26321
26467
